# Zooom
https://zoom.us/j/96252942669?pwd=Tm9yN0toLzNBcVIwWE83MmVueEZhZz09

dia 1

Show Time ti sta invitando a una riunione pianificata in Zoom.

Argomento: FESTIVAL del FUTURO 18 Nov 2021
Ora: 18 nov 2021 08:00 AM Amsterdam, Berlino, Roma, Stoccolma, Vienna

Entra nella riunione in Zoom
https://zoom.us/j/96976140036?pwd=Q0ExUkdvaTFtenpCYS9xaU14SEkwUT09

ID riunione: 969 7614 0036
Passcode: FFuturo.21
Un tocco su dispositivo mobile
+12532158782,,96976140036#,,,,*6753115513# Stati Uniti (Tacoma)
+13017158592,,96976140036#,,,,*6753115513# Stati Uniti (Washington DC)

Componi in base alla tua posizione
        +1 253 215 8782 Stati Uniti (Tacoma)
        +1 301 715 8592 Stati Uniti (Washington DC)
        +1 312 626 6799 Stati Uniti (Chicago)
        +1 346 248 7799 Stati Uniti (Houston)
        +1 646 558 8656 Stati Uniti (New York)
        +1 669 900 9128 Stati Uniti (San Jose)
ID riunione: 969 7614 0036
Passcode: 6753115513
Trova il tuo numero locale: https://zoom.us/u/acZF9CVgRr

DIA 2

Show Time ti sta invitando a una riunione pianificata in Zoom.

Argomento: FESTIVAL del FUTURO 19 Nov 2021
Ora: 19 nov 2021 07:30 AM Amsterdam, Berlino, Roma, Stoccolma, Vienna

Entra nella riunione in Zoom
https://zoom.us/j/94479478077?pwd=UVRyMjJPc1kxTXJNWnJpK0xyaEVGZz09

ID riunione: 944 7947 8077
Passcode: FFuturo.21
Un tocco su dispositivo mobile
+13462487799,,94479478077#,,,,*2742501338# Stati Uniti (Houston)
+16465588656,,94479478077#,,,,*2742501338# Stati Uniti (New York)

Componi in base alla tua posizione
        +1 346 248 7799 Stati Uniti (Houston)
        +1 646 558 8656 Stati Uniti (New York)
        +1 669 900 9128 Stati Uniti (San Jose)
        +1 253 215 8782 Stati Uniti (Tacoma)
        +1 301 715 8592 Stati Uniti (Washington DC)
        +1 312 626 6799 Stati Uniti (Chicago)
ID riunione: 944 7947 8077
Passcode: 2742501338
Trova il tuo numero locale: https://zoom.us/u/a1DkyvHoy

DIA 3

Show Time ti sta invitando a una riunione pianificata in Zoom.

Argomento: FESTIVAL del FUTURO 20 Nov 2021
Ora: 20 nov 2021 07:30 AM Amsterdam, Berlino, Roma, Stoccolma, Vienna

Entra nella riunione in Zoom
https://zoom.us/j/99339119618?pwd=emcyZFdCRndEMnNSNTAvb3RiVUV0dz09

ID riunione: 993 3911 9618
Passcode: FFuturo.21
Un tocco su dispositivo mobile
+16465588656,,99339119618#,,,,*4032685647# Stati Uniti (New York)
+16699009128,,99339119618#,,,,*4032685647# Stati Uniti (San Jose)

Componi in base alla tua posizione
        +1 646 558 8656 Stati Uniti (New York)
        +1 669 900 9128 Stati Uniti (San Jose)
        +1 253 215 8782 Stati Uniti (Tacoma)
        +1 301 715 8592 Stati Uniti (Washington DC)
        +1 312 626 6799 Stati Uniti (Chicago)
        +1 346 248 7799 Stati Uniti (Houston)
ID riunione: 993 3911 9618
Passcode: 4032685647
Trova il tuo numero locale: https://zoom.us/u/aL52bKkDE


